(010)9547702
(010)95515
(028)95310
(0514)95187
(0571)95726
(0571)967966
(0572)96683
(0573)967633
(0574)967633
(0575)95726
(0575)96683
(0576)96683
(0577)95726
(0577)967668
(0579)96820
(0580)95726
+1(774)3413376
+40(0)0095555
+0104008777777
+0116166660616
+1(760)3454897
10016
10100017
10100566
10101002
10101025
10105522
10106188
10108118
10108819
10109666
1063836988182867
106550200173889081
10655020068310108500
1065505315805967112
10655053158061266
106902471621
106903339551178894
10692160000002
+11616666
+18617035250982
+86(10)10100108
+86(10)10100180
+86(10)21346135
+86(10)21346136
+86(10)21346574
+86(10)21346575
+86(10)21365714
+86(10)21388156
+86(10)21392781
+86(10)21424470
+86(10)21500680
+86(10)21744632
+86(10)50862580
+86(10)51193331
+86(10)51378977
+86(10)51422104
+86(10)51433992
+86(10)51721814
+86(10)51722118
+86(10)51722276
+86(10)51975656
+86(10)52073952
+86(10)52073970
+86(10)52121069
+86(10)52593742
+86(10)52735453
+86(10)52738684
+86(10)52962275
+86(10)52994510
+86(10)52994516
+86(10)53011901
+86(10)53024218
+86(10)53027039
+86(10)53038097
+86(10)53038911
+86(10)53038912
+86(10)53038914
+86(10)53038967
+86(10)53110328
+86(10)53182382
+86(10)53238282
+86(10)53763836
+86(10)53878973
+86(10)53978315
+86(10)56010332
+86(10)56013177
+86(10)56026094
+86(10)56026280
+86(10)56026522
+86(10)56026674
+86(10)56026685
+86(10)56027856
+86(10)56028017
+86(10)56028211
+86(10)56028303
+86(10)56028372
+86(10)56032644
+86(10)56036234
+86(10)56036242
+86(10)56036286
+86(10)56036454
+86(10)56036634
+86(10)56036733
+86(10)56036803
+86(10)56036843
+86(10)56103435
+86(10)56117450
+86(10)56147943
+86(10)56149853
+86(10)56350691
+86(10)56599757 
+86(10)56944675 
+86(10)57140038
+86(10)67440916
+86(10)67962473
+86(10)67962640
+86(10)69322737
+86(10)69450037
+86(10)80909909
+86(10)83320598
+86(10)83368229
+86(10)85922218
+86(10)86487487
+86(10)95221961
+86(10)95274596
+86(10)95522
+86(20)88320524
+86(21)20293419
+86(21)20531500
+86(21)20534059
+86(21)20534158
+86(21)20745416
+86(21)20748200
+86(21)28973518
+86(21)28973523
+86(21)31014521
+86(21)31084020
+86(21)31278873
+86(21)31278893
+86(21)31832556
+86(21)31923734
+86(21)31923792
+86(21)35023661
+86(21)35028937
+86(21)36177598
+86(21)38320114
+86(21)38336013
+86(21)38336496
+86(21)38339106
+86(21)38363429
+86(21)38743040
+86(21)38743049
+86(21)38743075
+86(21)38804022
+86(21)38804319
+86(21)38804331
+86(21)38834600
+86(21)38844403
+86(21)38919111
+86(21)50294620
+86(21)51646058
+86(21)51646496
+86(21)51944213
+86(21)55597339
+86(21)56616509
+86(21)56710398
+86(21)56725020
+86(21)57619659
+86(21)59176819
+86(21)60151621
+86(21)60151623
+86(21)60370560
+86(21)60382074
+86(21)60599537
+86(21)60946271
+86(21)61156610
+86(21)61328796
+86(21)61930442
+86(21)61930443
+86(21)62168625
+86(21)64403363
+86(21)65382739
+86(21)66936686
+86(21)68074203
+86(21)80174959
+86(21)80175640
+86(21)80264484
+86(21)80264491
+86(21)80264493
+86(21)80430800
+86(21)80440765
+86(21)80482435
+86(21)80526344
+86(21)80526345
+86(21)80526347
+86(21)80527796
+86(24)42144412
+86(24)42144434
+86(24)43569337
+86(24)72834297
+86(24)79674150
+86(24)86157707
+86(25)58706219
+86(25)83210289
+86(27)59954540
+86(27)59972656
+86(28)60776770
+86(28)63065984
+86(28)63816948
+86(28)69095310
+86(28)69415265
+86(28)80931483
+86(28)80934072
+86(28)80934076
+86(28)80934082
+86(28)82122680
+86(28)82122684
+86(28)83949346
+86(28)87543481
+86(28)87701241
+86(29)61065940
+86(29)61069782
+86(29)61103751
+86(29)61109691
+86(29)61157238
+86(29)61163991
+86(29)61193108
+86(29)61193455
+86(29)61197498
+86(29)61197851
+86(29)61240801
+86(29)61262509
+86(29)61266281
+86(29)61272947
+86(29)63016640
+86(29)88855084
+86(29)88866397
+86(29)88866433
+86(29)88866443
+86(311)66147605
+86(311)69078074
+86(311)85236532
+86(311)85276733
+86(311)86935235
+86(311)88924242
+86(311)88924306
+86(311)88942164
+86(311)88942168
+86(312)3051057
+86(312)3052029
+86(312)3204475
+86(312)3234484
+86(312)5027750
+86(314)9547140
+86(316)5181160
+86(318)6987057
+86(351)3100896
+86(355)4127220
+86(357)3520175
+86(357)3520191
+86(357)3520873
+86(357)3520890
+86(357)3525002
+86(357)3525683
+86(357)3525703
+86(359)5736848
+86(359)8754998
+86(371)53396812
+86(371)56842297
+86(371)57058385
+86(371)61333412
+86(371)63247728
+86(412)7181043
+86(412)7181995
+86(419)2611640
+86(419)2702132
+86(431)81354770
+86(432)63287066
+86(432)66563474
+86(432)66563528
+86(432)66563758
+86(438)6834881
+86(451)58764056
+86(451)58766257
+86(451)58766309
+86(451)58766513
+86(451)58766924
+86(451)58790487
+86(453)7190211
+86(453)8159784
+86(510)66038267
+86(510)66120633
+86(510)80347259
+86(510)80347449
+86(510)82419896
+86(510)85381062
+86(514)85168272
+86(515)66605403
+86(515)66605404
+86(515)66605406
+86(515)66605407
+86(516)83796236
+86(516)87337861
+86(518)80194579
+86(518)80702118
+86(518)83176812
+86(518)83177439
+86(519)68957725
+86(519)68957793
+86(519)88236636
+86(523)82597580
+86(527)88101682
+86(527)88105383
+86(530)7475406
+86(531)76510075
+86(531)76603494
+86(531)82348850
+86(532)82873601
+86(551)64911623
+86(551)64911639
+86(551)64918709
+86(551)66039913
+86(551)82191399
+86(556)5199327
+86(556)5700394
+86(564)5133140
+86(564)5133423
+86(571)26895491
+86(571)26895495
+86(571)28013317
+86(571)28013566
+86(571)28014426
+86(571)28014504
+86(571)28014695
+86(571)28092596
+86(571)28214276
+86(571)28215474
+86(571)28234020
+86(571)28271491
+86(571)28357351
+86(571)56059002
+86(571)56192029
+86(571)56214972
+86(571)56214975
+86(571)56318434
+86(571)56319232
+86(571)56319378
+86(571)56319632
+86(571)56319684
+86(571)56319721
+86(571)56320258
+86(571)56320370
+86(571)56320569
+86(571)56321555
+86(571)56328257
+86(571)56329915
+86(571)56370018
+86(571)56375846
+86(571)56382512
+86(571)56637961
+86(571)56637964
+86(571)56637969
+86(571)56637972
+86(571)56816394
+86(571)56816941
+86(571)81953460
+86(571)95493401
+86(571)95726464
+86(573)86914284
+86(574)22754391
+86(574)56880112
+86(575)82310591
+86(575)82311400
+86(591)28329407
+86(591)28329442
+86(591)28329466
+86(591)38124313
+86(591)62761337
+86(591)63660944
+86(592)8180333
+86(592)8181196
+86(592)8185197
+86(592)8185787
+86(592)8185810
+86(592)8188706
+86(593)3904722
+86(594)8961695
+86(594)8967110
+86(594)8967389
+86(595)68871226
+86(595)68872738
+86(595)86017333
+86(717)6903495
+86(731)81618576
+86(731)81618598
+86(731)81618710
+86(731)81626898
+86(731)81811043
+86(731)82704943
+86(731)86228001
+86(735)2423887
+86(755)28046186
+86(755)28046303
+86(755)28046501
+86(755)36360201
+86(755)61130261
+86(755)61130270
+86(755)61155256
+86(755)61155361
+86(755)61205344
+86(755)61208277
+86(755)61863102
+86(755)84120821
+86(755)84126682
+86(755)84191136
+86(755)84510831
+86(757)66600383
+86(757)66611019
+86(757)81081510
+86(757)89933869
+86(760)23653090
+86(769)38827783
+86(769)86225826
+86(772)3716719
+86(792)2391249
+86(812)6052255
+86(858)8235045
+86(898)31022377
+86(914)8060103
+86(934)8350751
+86(951)6724009
+8613005211690
+8613038766784
+8613041048904
+8613041140945
+8613041264143
+8613041294746
+8613067363046
+8613110268952
+8613141087704
+8613148166381
+8613148168952
+8613148169432
+8613228141045
+8613240792454
+8613240817794
+8613240972845
+8613241107748
+8613241132945
+8613241133184
+8613241155418
+8613241716412
+8613258752594
+8613261383340
+8613261412648
+8613261412804
+8613261414786
+8613264173634
+8613264179800
+8613315239614
+8613389063785
+8613426281622
+8613426431861
+8613503346421
+8613522506863
+8613622064722
+8613641139034
+8613784535422
+8613811743240
+8613831447079
+8615011167029
+8615091233627
+8615101006097
+8615128616823
+8615228935872
+8615313258941
+8615570367085
+8615601007378
+8615612469644
+8615658840807
+8615669481292
+8615669489883
+8615703218924
+8615952167420
+8616210119872
+8616210164985
+8616210168319
+8616210550687
+8616210570296
+8616210632927
+8616210966025
+8616211082232
+8616211361519
+8616211361917
+8616211405108
+8616211822132
+8616211833947
+8616211928906
+8616214412045
+8616217460201
+8616218022893
+8616220481557
+8616224078674
+8616224470531
+8616268030569
+8616280014463
+8616280232057
+8616280354667
+8616280362728
+8616280741495
+8616505005572
+8616508615354
+8616509079706
+8616510058962
+8616510073878
+8616510101184
+8616510101841
+8616510108155
+8616511147790
+8616511147802
+8616511147827
+8616511147852
+8616511147854
+8616518210480
+8616519194617
+8616519194718
+8616519326912
+8616521686300
+8616521850089
+8616530471522
+8616532879119
+8616557370078
+8616558194932
+8616561845192
+8616566778632
+8616567315532
+8616567315607
+8616567365429
+8616567365770
+8616567365971
+8616568143818
+8616568143863
+8616569438817
+8616574809040
+8616583107039
+8616585604379
+8616585604455
+8616585604625
+8616585604655
+8616585614881
+8616626376099
+8616628777146
+8616679082343
+8616679083556
+8616710224575
+8616711290647
+8616711291046
+8616711296626
+8616711497714
+8616714453187
+8616715106162
+8616729061336
+8616736523761
+8616736529387
+8616741001847
+8616746181414
+8616750103169
+8616762869022
+8617000063036
+8617000866387
+8617001282464
+8617004939378
+8617025304246
+8617025306950
+8617029561696
+8617029797843
+8617029798419
+8617031575490
+8617032444606
+8617032444934
+8617032444942
+8617035043728
+8617035044450
+8617035226540
+8617035250982
+8617035251285
+8617039444707
+8617044972448
+8617050009047
+8617051505443
+8617051510808
+8617051514397
+8617051800061
+8617051930142
+8617051930182
+8617051950970
+8617051951139
+8617058501259
+8617058509282
+8617058530779
+8617058530784
+8617058530785
+8617058535623
+8617058552558
+8617058619226
+8617058745826
+8617058770108
+8617058770128
+8617058960149
+8617060817282
+8617060998329
+8617068710154
+8617070093838
+8617070111457
+8617070395190
+8617071446175
+8617080062495
+8617080062540
+8617080934517
+8617085290914
+8617090104460
+8617100161304
+8617110044614
+8617130185779
+8617131076042
+8617139661264
+8617139661464
+8617139661674
+8617146944617
+8617160094148
+8617170092783
+8617180180312
+8617180190105
+8617181143245
+8617181143754
+8617190151346
+8617301049748
+8617302183047
+8617332418869
+8617332552644
+8617367470519
+8617600359872
+8617603454897
+8617628580414
+8617665234345
+8617701377825
+8617740761138
+8617750640429
+8617833334276
+8617883654017
+8618004627756
+8618006369213
+8618007176475
+8618061765218
+8618112839510
+8618149460240
+8618149465934
+8618187458318
+8618232216233
+8618301081490
+8618345104672
+8618400470938
+8618401704076
+8618401728967
+8618511893556
+8618513482124
+8618513908797
+8618532373307
+8618548916563
+8618612623627
+8618629058296
+8618665574938
+8618732425020
+8618737250152
+8618870064393
+8618911201592
+8618911446852
+8618911452064
+8618911545620
+8618911546617
+8618911726246
+8618923047809
+8618931412868
+8618989901749
+8619119284529
+8619219145951
+8619219146793
+8619219147221
+8619231108901
+8619232948006
+8619239181247
+8619270829178
+8619279412083
+8619279414718
+8619279416039
+8619279418807
+8619279419303
+8619322782256
+8619906245202
+8619910750514
+8619925643930
+8619979197485
+864000095555
+864000112086
+864001001264
+864001086596
96518
+864001095555
+864001395555
+864001895555
+864006295555
+864006666166
+864006995555
+864007595555
+864008206669
+864008207868
+864008777777
95187
952162
9542431
954357
9543910
9544054
9544126
9549622
9549623
95566
95720
95722
95770
95772
95779291
95781
95791
9579895798
967288